"tick","Remaining Humans","Remaining Zombies"
1.0,80,3
2.0,80,3
3.0,80,3
4.0,80,3
5.0,79,4
6.0,78,5
7.0,78,5
8.0,77,6
9.0,77,6
10.0,77,6
11.0,77,6
12.0,76,7
13.0,75,8
14.0,75,8
15.0,73,10
16.0,73,10
17.0,73,10
18.0,73,10
19.0,73,10
20.0,72,11
21.0,72,11
22.0,72,11
23.0,70,13
24.0,70,13
25.0,70,13
26.0,70,13
27.0,70,13
28.0,70,13
29.0,70,13
30.0,70,13
31.0,70,13
32.0,70,13
33.0,70,13
34.0,67,16
35.0,67,16
36.0,67,16
37.0,67,16
38.0,66,17
39.0,65,18
40.0,65,18
41.0,64,19
42.0,64,19
43.0,63,20
44.0,61,22
45.0,60,23
46.0,58,25
47.0,58,25
48.0,57,26
49.0,57,26
50.0,56,27
51.0,55,28
52.0,53,30
53.0,52,31
54.0,50,33
55.0,49,34
56.0,47,36
57.0,45,38
58.0,45,38
59.0,43,40
60.0,43,40
61.0,43,40
62.0,43,40
63.0,42,41
64.0,42,41
65.0,40,43
66.0,39,44
67.0,38,45
68.0,37,46
69.0,36,47
70.0,35,48
71.0,34,49
72.0,34,49
73.0,32,51
74.0,30,53
75.0,28,55
76.0,28,55
77.0,27,56
78.0,25,58
79.0,24,59
80.0,24,59
81.0,24,59
82.0,23,60
83.0,20,63
84.0,19,64
85.0,17,66
86.0,16,67
87.0,16,67
88.0,16,67
89.0,16,67
90.0,15,68
91.0,15,68
92.0,14,69
93.0,13,70
94.0,13,70
95.0,13,70
96.0,13,70
97.0,13,70
98.0,13,70
99.0,11,72
100.0,11,72
101.0,11,72
102.0,8,75
103.0,7,76
104.0,6,77
105.0,6,77
106.0,6,77
107.0,5,78
108.0,5,78
109.0,5,78
110.0,5,78
111.0,5,78
112.0,4,79
113.0,4,79
114.0,4,79
115.0,4,79
116.0,4,79
117.0,3,80
118.0,3,80
119.0,3,80
120.0,3,80
121.0,3,80
122.0,3,80
123.0,1,82
124.0,1,82
125.0,1,82
126.0,1,82
127.0,1,82
128.0,1,82
129.0,1,82
130.0,1,82
131.0,1,82
132.0,1,82
133.0,1,82
134.0,1,82
135.0,1,82
136.0,1,82
137.0,1,82
138.0,1,82
139.0,1,82
140.0,1,82
141.0,1,82
142.0,1,82
143.0,1,82
144.0,1,82
145.0,1,82
146.0,1,82
147.0,1,82
148.0,1,82
149.0,1,82
150.0,0,83
151.0,0,83
152.0,0,83
153.0,0,83
154.0,0,83
155.0,0,83
156.0,0,83
157.0,0,83
158.0,0,83
159.0,0,83
160.0,0,83
