"tick","Remaining Humans","Remaining Zombies"
1.0,80,3
2.0,80,3
3.0,80,3
4.0,80,3
5.0,80,3
6.0,80,3
7.0,80,3
8.0,80,3
9.0,80,3
10.0,79,4
11.0,79,4
12.0,78,5
13.0,78,5
14.0,78,5
15.0,78,5
16.0,77,6
17.0,77,6
18.0,76,7
19.0,76,7
20.0,76,7
21.0,76,7
22.0,75,8
23.0,75,8
24.0,74,9
25.0,73,10
26.0,73,10
27.0,73,10
28.0,72,11
29.0,72,11
30.0,70,13
31.0,70,13
32.0,70,13
33.0,70,13
34.0,69,14
35.0,68,15
36.0,67,16
37.0,66,17
38.0,66,17
39.0,65,18
40.0,65,18
41.0,64,19
42.0,63,20
43.0,62,21
44.0,61,22
45.0,59,24
46.0,56,27
47.0,56,27
48.0,55,28
49.0,55,28
50.0,53,30
51.0,52,31
52.0,49,34
53.0,48,35
54.0,47,36
55.0,45,38
56.0,44,39
57.0,44,39
58.0,42,41
59.0,41,42
60.0,39,44
61.0,37,46
62.0,33,50
63.0,32,51
64.0,32,51
65.0,31,52
66.0,29,54
67.0,28,55
68.0,26,57
69.0,23,60
70.0,23,60
71.0,21,62
72.0,21,62
73.0,20,63
74.0,19,64
75.0,19,64
76.0,18,65
77.0,16,67
78.0,16,67
79.0,15,68
80.0,13,70
81.0,12,71
82.0,11,72
83.0,11,72
84.0,11,72
85.0,11,72
86.0,11,72
87.0,10,73
88.0,10,73
89.0,10,73
90.0,10,73
91.0,9,74
92.0,7,76
93.0,7,76
94.0,7,76
95.0,6,77
96.0,6,77
97.0,5,78
98.0,5,78
99.0,5,78
