"tick","Remaining Humans","Remaining Zombies"
1.0,80,3
2.0,80,3
3.0,80,3
4.0,80,3
5.0,80,3
6.0,79,4
7.0,78,5
8.0,78,5
9.0,78,5
10.0,78,5
11.0,78,5
12.0,78,5
13.0,78,5
14.0,78,5
15.0,78,5
16.0,78,5
17.0,78,5
18.0,76,7
19.0,74,9
20.0,73,10
21.0,73,10
22.0,72,11
23.0,72,11
24.0,71,12
25.0,70,13
26.0,70,13
27.0,69,14
28.0,69,14
29.0,69,14
30.0,67,16
31.0,66,17
32.0,66,17
33.0,65,18
34.0,62,21
35.0,62,21
36.0,62,21
37.0,61,22
38.0,59,24
39.0,57,26
40.0,57,26
41.0,55,28
42.0,54,29
43.0,54,29
44.0,54,29
45.0,53,30
46.0,53,30
47.0,53,30
48.0,52,31
49.0,52,31
50.0,51,32
51.0,51,32
52.0,49,34
53.0,49,34
54.0,48,35
55.0,47,36
56.0,47,36
57.0,47,36
58.0,45,38
59.0,42,41
60.0,39,44
61.0,39,44
62.0,39,44
63.0,39,44
64.0,38,45
65.0,36,47
66.0,34,49
67.0,33,50
68.0,31,52
69.0,30,53
70.0,30,53
71.0,28,55
72.0,27,56
73.0,27,56
74.0,27,56
75.0,26,57
76.0,26,57
77.0,25,58
78.0,24,59
79.0,24,59
80.0,24,59
81.0,24,59
82.0,24,59
83.0,23,60
84.0,23,60
85.0,21,62
86.0,20,63
87.0,19,64
88.0,18,65
89.0,17,66
90.0,17,66
91.0,17,66
92.0,16,67
93.0,16,67
94.0,15,68
95.0,15,68
96.0,15,68
97.0,13,70
98.0,13,70
99.0,13,70
100.0,13,70
101.0,13,70
102.0,12,71
103.0,11,72
