"tick","Remaining Humans","Remaining Zombies"
1.0,80,5
2.0,80,5
3.0,80,5
4.0,80,5
5.0,80,6
6.0,80,7
7.0,80,9
8.0,80,12
9.0,80,15
10.0,80,19
11.0,80,24
12.0,77,30
13.0,73,34
14.0,72,35
15.0,70,37
16.0,69,38
17.0,67,40
18.0,67,40
19.0,67,40
20.0,66,41
21.0,66,41
22.0,66,41
23.0,65,42
24.0,63,44
25.0,62,45
26.0,62,45
27.0,62,45
28.0,62,45
29.0,58,49
30.0,57,50
31.0,57,50
32.0,54,53
33.0,52,55
34.0,51,56
35.0,49,58
36.0,49,58
37.0,44,63
38.0,41,66
39.0,39,68
40.0,37,70
41.0,34,73
42.0,33,74
43.0,32,75
44.0,32,75
45.0,30,77
46.0,28,79
47.0,26,81
48.0,26,81
49.0,25,82
50.0,25,82
51.0,24,83
52.0,24,83
53.0,23,84
54.0,22,85
55.0,22,85
56.0,20,87
57.0,19,88
58.0,17,90
59.0,16,91
60.0,15,92
61.0,15,92
62.0,13,94
63.0,13,94
64.0,12,95
65.0,10,97
66.0,9,98
67.0,9,98
68.0,9,98
69.0,8,99
70.0,8,99
71.0,8,99
72.0,8,99
73.0,8,99
74.0,8,99
75.0,8,99
76.0,8,99
77.0,8,99
78.0,7,100
79.0,7,100
80.0,5,102
81.0,5,102
82.0,5,102
83.0,5,102
84.0,4,103
85.0,4,103
86.0,4,103
87.0,4,103
88.0,4,103
89.0,4,103
90.0,4,103
91.0,3,104
92.0,3,104
93.0,3,104
94.0,3,104
95.0,3,104
96.0,3,104
97.0,3,104
98.0,2,105
99.0,1,106
100.0,1,106
101.0,1,106
102.0,1,106
103.0,0,107
104.0,0,107
105.0,0,107
106.0,0,107
107.0,0,107
108.0,0,107
109.0,0,107
110.0,0,107
111.0,0,107
112.0,0,107
113.0,0,107
114.0,0,107
115.0,0,107
116.0,0,107
117.0,0,107
118.0,0,107
119.0,0,107
120.0,0,107
121.0,0,107
122.0,0,107
123.0,0,107
124.0,0,107
125.0,0,107
126.0,0,107
127.0,0,107
128.0,0,107
129.0,0,107
130.0,0,107
131.0,0,107
132.0,0,107
133.0,0,107
134.0,0,107
135.0,0,107
136.0,0,107
137.0,0,107
138.0,0,107
139.0,0,107
140.0,0,107
141.0,0,107
142.0,0,107
143.0,0,107
144.0,0,107
145.0,0,107
146.0,0,107
147.0,0,107
148.0,0,107
149.0,0,107
150.0,0,107
151.0,0,107
152.0,0,107
153.0,0,107
154.0,0,107
155.0,0,107
156.0,0,107
